% -------------------------------------------------------------------
%  Generated by MATLAB on 19-Apr-2022 14:02:50
%  MATLAB version: 9.7.0.1296695 (R2019b) Update 4
% -------------------------------------------------------------------
                               

won = 123;

x = [125 666 132 150];

